board_id,active,from_parametercode,from_hoedanigheid,from_limietsymbool,from_eenheid,to_parametercode,to_hoedanigheid,to_limietsymbool,to_eenheid,support_rows,method
rivierenland,true,1031,nvt,"",mmol/l,hco3,nvt,"",mmol/l,46318,summary_equal_count_minmax_unique
rivierenland,true,1030,nvt,<,mmol/l,co3,nvt,<,mmol/l,44153,summary_equal_count_minmax_unique
rivierenland,true,2520,nvt,"",ug/l,fe,nvt,"",ug/l,38117,summary_equal_count_minmax_unique
rivierenland,true,1011,nvt,"",ug/l,feoa,nvt,"",ug/l,30033,summary_equal_count_minmax_unique
rivierenland,true,1026,c,"",mg/l,corg,c,"",mg/l,21738,summary_equal_count_minmax_unique
rivierenland,true,no3,n,"",mg/l,sno3no2,n,"",mg/l,21414,summary_equal_count_minmax_unique
rivierenland,true,1025,cnf,"",mg/l,corg,cnf,"",mg/l,16106,summary_equal_count_minmax_unique
rivierenland,true,1106,nvt,<,mg/l,br,nvt,<,mg/l,8759,summary_equal_count_minmax_unique
rivierenland,true,no3,n,<,mg/l,sno3no2,n,<,mg/l,5388,summary_equal_count_minmax_unique
rivierenland,true,1050,n,"",mg/l,nh3,n,"",mg/l,2880,summary_equal_count_minmax_unique
rivierenland,true,4395,nvt,<,ug/l,dmtat,nvt,<,ug/l,1964,summary_equal_count_minmax_unique
rivierenland,true,4532,nvt,<,ug/l,malton,nvt,<,ug/l,1957,summary_equal_count_minmax_unique
rivierenland,true,4279,nvt,<,ug/l,atzne,nvt,<,ug/l,1920,summary_equal_count_minmax_unique
rivierenland,true,4626,nvt,<,ug/l,simzne,nvt,<,ug/l,1854,summary_equal_count_minmax_unique
rivierenland,true,4549,nvt,<,ug/l,c1yazfs,nvt,<,ug/l,1851,summary_equal_count_minmax_unique
rivierenland,true,4377,nvt,<,ug/l,dclvs,nvt,<,ug/l,1848,summary_equal_count_minmax_unique
rivierenland,true,4555,nvt,<,ug/l,c1yprton,nvt,<,ug/l,1800,summary_equal_count_minmax_unique
rivierenland,true,4308,nvt,<,ug/l,carbrl,nvt,<,ug/l,1779,summary_equal_count_minmax_unique
rivierenland,true,4425,nvt,<,ug/l,c2yclprfs,nvt,<,ug/l,1753,summary_equal_count_minmax_unique
rivierenland,true,4702,nvt,<,ug/l,tazfs,nvt,<,ug/l,1749,summary_equal_count_minmax_unique
rivierenland,true,4367,nvt,<,ug/l,daznn,nvt,<,ug/l,1737,summary_equal_count_minmax_unique
rivierenland,true,4595,nvt,<,ug/l,pirmcb,nvt,<,ug/l,1729,summary_equal_count_minmax_unique
rivierenland,true,4423,nvt,<,ug/l,c2yazfs,nvt,<,ug/l,1722,summary_equal_count_minmax_unique
rivierenland,true,4428,nvt,<,ug/l,c2yprton,nvt,<,ug/l,1718,summary_equal_count_minmax_unique
rivierenland,true,4268,nvt,<,ug/l,aldcb,nvt,<,ug/l,1717,summary_equal_count_minmax_unique
rivierenland,true,4546,nvt,<,ug/l,metml,nvt,<,ug/l,1713,summary_equal_count_minmax_unique
rivierenland,true,4608,nvt,<,ug/l,propxr,nvt,<,ug/l,1711,summary_equal_count_minmax_unique
rivierenland,true,4453,nvt,<,ug/l,fenton,nvt,<,ug/l,1702,summary_equal_count_minmax_unique
rivierenland,true,4496,nvt,<,ug/l,heptnfs,nvt,<,ug/l,1698,summary_equal_count_minmax_unique
rivierenland,true,4327,nvt,<,ug/l,clidzn,nvt,<,ug/l,1687,summary_equal_count_minmax_unique
rivierenland,true,4556,nvt,<,ug/l,c1yprmfs,nvt,<,ug/l,1673,summary_equal_count_minmax_unique
rivierenland,true,4615,nvt,<,ug/l,pyrazfs,nvt,<,ug/l,1670,summary_equal_count_minmax_unique
rivierenland,true,4267,nvt,<,ug/l,alcl,nvt,<,ug/l,1666,summary_equal_count_minmax_unique
rivierenland,true,4269,nvt,<,ug/l,aldcsfn,nvt,<,ug/l,1659,summary_equal_count_minmax_unique
rivierenland,true,4525,nvt,<,ug/l,kresoxmc1y,nvt,<,ug/l,1655,summary_equal_count_minmax_unique
rivierenland,true,4326,nvt,<,ug/l,cltlrn,nvt,<,ug/l,1654,summary_equal_count_minmax_unique
rivierenland,true,4446,nvt,<,ug/l,fenoxcb,nvt,<,ug/l,1648,summary_equal_count_minmax_unique
rivierenland,true,4310,nvt,<,ug/l,carbfrn,nvt,<,ug/l,1637,summary_equal_count_minmax_unique
rivierenland,true,4561,nvt,<,ug/l,metxrn,nvt,<,ug/l,1637,summary_equal_count_minmax_unique
rivierenland,true,4689,nvt,<,ug/l,tolcfsc1y,nvt,<,ug/l,1634,summary_equal_count_minmax_unique
rivierenland,true,4713,nvt,<,ug/l,tfxsbn,nvt,<,ug/l,1624,summary_equal_count_minmax_unique
rivierenland,true,4603,nvt,<,ug/l,propcl,nvt,<,ug/l,1622,summary_equal_count_minmax_unique
rivierenland,true,4537,nvt,<,ug/l,mlxl,nvt,<,ug/l,1618,summary_equal_count_minmax_unique
rivierenland,true,4321,nvt,<,ug/l,clpfm,nvt,<,ug/l,1609,summary_equal_count_minmax_unique
rivierenland,true,4430,nvt,<,ug/l,etdazl,nvt,<,ug/l,1606,summary_equal_count_minmax_unique
rivierenland,true,4543,nvt,<,ug/l,metocb,nvt,<,ug/l,1604,summary_equal_count_minmax_unique
rivierenland,true,4700,nvt,<,ug/l,talt,nvt,<,ug/l,1591,summary_equal_count_minmax_unique
rivierenland,true,1101,nf,<,mg/l,s,nf,<,mg/l,1590,summary_equal_count_minmax_unique
rivierenland,true,4611,nvt,<,ug/l,prosfcb,nvt,<,ug/l,1577,summary_equal_count_minmax_unique
rivierenland,true,4668,nvt,<,ug/l,terbtn,nvt,<,ug/l,1573,summary_equal_count_minmax_unique
rivierenland,true,4404,nvt,<,ug/l,dsftn,nvt,<,ug/l,1572,summary_equal_count_minmax_unique
rivierenland,true,4357,nvt,<,ug/l,dmtn,nvt,<,ug/l,1564,summary_equal_count_minmax_unique
rivierenland,true,4558,nvt,<,ug/l,metlcl,nvt,<,ug/l,1558,summary_equal_count_minmax_unique
rivierenland,true,4107,nvt,<,ug/l,ant,nvt,<,ug/l,1542,summary_equal_count_minmax_unique
rivierenland,true,4618,nvt,<,ug/l,pyrmtnl,nvt,<,ug/l,1537,summary_equal_count_minmax_unique
rivierenland,true,4544,nvt,<,ug/l,metocbsfn,nvt,<,ug/l,1521,summary_equal_count_minmax_unique
rivierenland,true,4563,nvt,<,ug/l,mevfs,nvt,<,ug/l,1500,summary_equal_count_minmax_unique
rivierenland,true,4545,nvt,<,ug/l,metocbso,nvt,<,ug/l,1495,summary_equal_count_minmax_unique
rivierenland,true,4338,nvt,<,ug/l,clomzn,nvt,<,ug/l,1494,summary_equal_count_minmax_unique
rivierenland,true,4530,nvt,<,ug/l,linrn,nvt,<,ug/l,1489,summary_equal_count_minmax_unique
rivierenland,true,4699,nvt,<,ug/l,tadmnl,nvt,<,ug/l,1484,summary_equal_count_minmax_unique
rivierenland,true,4109,nvt,<,ug/l,bap,nvt,<,ug/l,1477,summary_equal_count_minmax_unique
rivierenland,true,4539,nvt,<,ug/l,mzcl,nvt,<,ug/l,1477,summary_equal_count_minmax_unique
rivierenland,true,4325,nvt,<,ug/l,cltlnl,nvt,<,ug/l,1470,summary_equal_count_minmax_unique
rivierenland,true,4101,nvt,<,ug/l,dbahant,nvt,<,ug/l,1466,summary_equal_count_minmax_unique
rivierenland,true,4396,nvt,<,ug/l,dmtmf,nvt,<,ug/l,1462,summary_equal_count_minmax_unique
rivierenland,true,4580,nvt,<,ug/l,oaml,nvt,<,ug/l,1458,summary_equal_count_minmax_unique
rivierenland,true,4414,nvt,<,ug/l,esfvlrt,nvt,<,ug/l,1453,summary_equal_count_minmax_unique
rivierenland,true,4716,nvt,<,ug/l,tfrlne,nvt,<,ug/l,1449,summary_equal_count_minmax_unique
rivierenland,true,4619,nvt,<,ug/l,pyrpxfn,nvt,<,ug/l,1445,summary_equal_count_minmax_unique
rivierenland,true,4616,nvt,<,ug/l,pyrdbn,nvt,<,ug/l,1444,summary_equal_count_minmax_unique
rivierenland,true,4112,nvt,<,ug/l,bkf,nvt,<,ug/l,1440,summary_equal_count_minmax_unique
rivierenland,true,4111,nvt,<,ug/l,bghipe,nvt,<,ug/l,1439,summary_equal_count_minmax_unique
rivierenland,true,4407,nvt,<,ug/l,durn,nvt,<,ug/l,1430,summary_equal_count_minmax_unique
rivierenland,true,4538,nvt,<,ug/l,mmtn,nvt,<,ug/l,1424,summary_equal_count_minmax_unique
rivierenland,true,4510,nvt,<,ug/l,ipdon,nvt,<,ug/l,1423,summary_equal_count_minmax_unique
rivierenland,true,4514,nvt,<,ug/l,iptrn,nvt,<,ug/l,1419,summary_equal_count_minmax_unique
rivierenland,true,4114,nvt,<,ug/l,inp,nvt,<,ug/l,1414,summary_equal_count_minmax_unique
rivierenland,true,4550,nvt,<,ug/l,c1ybrfs,nvt,<,ug/l,1410,summary_equal_count_minmax_unique
rivierenland,true,4372,nvt,<,ug/l,dcbnl,nvt,<,ug/l,1403,summary_equal_count_minmax_unique
rivierenland,true,4450,nvt,<,ug/l,fenppmf,nvt,<,ug/l,1393,summary_equal_count_minmax_unique
rivierenland,true,4299,nvt,<,ug/l,buprmt,nvt,<,ug/l,1390,summary_equal_count_minmax_unique
rivierenland,true,4365,nvt,<,ug/l,desmtn,nvt,<,ug/l,1387,summary_equal_count_minmax_unique
rivierenland,true,4282,nvt,<,ug/l,azoxsbn,nvt,<,ug/l,1386,summary_equal_count_minmax_unique
rivierenland,true,4599,nvt,<,ug/l,procmdn,nvt,<,ug/l,1381,summary_equal_count_minmax_unique
rivierenland,true,4108,nvt,<,ug/l,baa,nvt,<,ug/l,1376,summary_equal_count_minmax_unique
rivierenland,true,4568,nvt,<,ug/l,mlnrn,nvt,<,ug/l,1372,summary_equal_count_minmax_unique
rivierenland,true,4662,nvt,<,ug/l,tebcnzl,nvt,<,ug/l,1363,summary_equal_count_minmax_unique
rivierenland,true,4487,nvt,<,ug/l,furlxl,nvt,<,ug/l,1356,summary_equal_count_minmax_unique
rivierenland,true,4463,nvt,<,ug/l,fluaznm,nvt,<,ug/l,1350,summary_equal_count_minmax_unique
rivierenland,true,4610,nvt,<,ug/l,propad,nvt,<,ug/l,1347,summary_equal_count_minmax_unique
rivierenland,true,4293,nvt,<,ug/l,bittnl,nvt,<,ug/l,1346,summary_equal_count_minmax_unique
rivierenland,true,4386,nvt,<,ug/l,dfncnzl,nvt,<,ug/l,1344,summary_equal_count_minmax_unique
rivierenland,true,4722,nvt,<,ug/l,vinczln,nvt,<,ug/l,1338,summary_equal_count_minmax_unique
rivierenland,true,4508,nvt,<,ug/l,indxcb,nvt,<,ug/l,1336,summary_equal_count_minmax_unique
rivierenland,true,4551,nvt,<,ug/l,c1yclprfs,nvt,<,ug/l,1336,summary_equal_count_minmax_unique
rivierenland,true,4562,nvt,<,ug/l,metbzn,nvt,<,ug/l,1335,summary_equal_count_minmax_unique
rivierenland,true,4669,nvt,<,ug/l,terc4yazne,nvt,<,ug/l,1332,summary_equal_count_minmax_unique
rivierenland,true,4113,nvt,<,ug/l,chr,nvt,<,ug/l,1331,summary_equal_count_minmax_unique
rivierenland,true,4424,nvt,<,ug/l,c2ybrfs,nvt,<,ug/l,1324,summary_equal_count_minmax_unique
rivierenland,true,4300,nvt,<,ug/l,bupfzn,nvt,<,ug/l,1314,summary_equal_count_minmax_unique
rivierenland,true,4408,nvt,<,ug/l,dodmf,nvt,<,ug/l,1311,summary_equal_count_minmax_unique
rivierenland,true,4110,nvt,<,ug/l,bbf,nvt,<,ug/l,1307,summary_equal_count_minmax_unique
rivierenland,true,4374,nvt,<,ug/l,dcfande,nvt,<,ug/l,1305,summary_equal_count_minmax_unique
rivierenland,true,4106,nvt,<,ug/l,acny,nvt,<,ug/l,1296,summary_equal_count_minmax_unique
rivierenland,true,4691,nvt,<,ug/l,tolfande,nvt,<,ug/l,1288,summary_equal_count_minmax_unique
rivierenland,true,4383,nvt,<,ug/l,detfcb,nvt,<,ug/l,1287,summary_equal_count_minmax_unique
rivierenland,true,4504,nvt,<,ug/l,imzll,nvt,<,ug/l,1281,summary_equal_count_minmax_unique
rivierenland,true,4481,nvt,<,ug/l,fosln,nvt,<,ug/l,1277,summary_equal_count_minmax_unique
rivierenland,true,4256,nvt,<,ug/l,dmst,nvt,<,ug/l,1269,summary_equal_count_minmax_unique
rivierenland,true,4475,nvt,<,ug/l,flutlnl,nvt,<,ug/l,1258,summary_equal_count_minmax_unique
rivierenland,true,4353,nvt,<,ug/l,cypdnl,nvt,<,ug/l,1230,summary_equal_count_minmax_unique
rivierenland,true,4655,nvt,<,ug/l,spinsd,nvt,<,ug/l,1226,summary_equal_count_minmax_unique
rivierenland,true,4044,nvt,<,ug/l,chch,nvt,<,ug/l,1219,summary_equal_count_minmax_unique
rivierenland,true,4421,nvt,<,ug/l,etfmst,nvt,<,ug/l,1216,summary_equal_count_minmax_unique
rivierenland,true,4105,nvt,<,ug/l,acne,nvt,<,ug/l,1185,summary_equal_count_minmax_unique
rivierenland,true,4361,nvt,<,ug/l,desc2yatzne,nvt,<,ug/l,1175,summary_equal_count_minmax_unique
rivierenland,true,4260,nvt,<,ug/l,4ttc8yfol,nvt,<,ug/l,1168,summary_equal_count_minmax_unique
rivierenland,true,4264,nvt,<,ug/l,actmpd,nvt,<,ug/l,1168,summary_equal_count_minmax_unique
rivierenland,true,4259,nvt,<,ug/l,4c9yfol,nvt,<,ug/l,1167,summary_equal_count_minmax_unique
rivierenland,true,4606,nvt,<,ug/l,propzne,nvt,<,ug/l,1164,summary_equal_count_minmax_unique
rivierenland,true,4506,nvt,<,ug/l,imdcpd,nvt,<,ug/l,1162,summary_equal_count_minmax_unique
rivierenland,true,4687,nvt,<,ug/l,tomtn,nvt,<,ug/l,1145,summary_equal_count_minmax_unique
rivierenland,true,1030,nvt,"",mmol/l,co3,nvt,"",mmol/l,1127,summary_equal_count_minmax_unique
rivierenland,true,4482,nvt,<,ug/l,fosfmdn,nvt,<,ug/l,1124,summary_equal_count_minmax_unique
rivierenland,true,4233,nvt,<,ug/l,24dp,nvt,<,ug/l,1123,summary_equal_count_minmax_unique
rivierenland,true,4683,nvt,<,ug/l,tofnc1y,nvt,<,ug/l,1118,summary_equal_count_minmax_unique
rivierenland,true,4033,nvt,<,ug/l,aedsfn,nvt,<,ug/l,1106,summary_equal_count_minmax_unique
rivierenland,true,4046,nvt,<,ug/l,hcb,nvt,<,ug/l,1106,summary_equal_count_minmax_unique
rivierenland,true,4385,nvt,<,ug/l,deet,nvt,<,ug/l,1101,summary_equal_count_minmax_unique
rivierenland,true,4232,nvt,<,ug/l,24db,nvt,<,ug/l,1097,summary_equal_count_minmax_unique
rivierenland,true,4242,nvt,<,ug/l,mcpb,nvt,<,ug/l,1096,summary_equal_count_minmax_unique
rivierenland,true,4696,nvt,<,ug/l,tpermtn,nvt,<,ug/l,1094,summary_equal_count_minmax_unique
rivierenland,true,4697,nvt,<,ug/l,tpyrfnx,nvt,<,ug/l,1094,summary_equal_count_minmax_unique
rivierenland,true,4261,nvt,<,ug/l,abmtne,nvt,<,ug/l,1092,summary_equal_count_minmax_unique
rivierenland,true,4678,nvt,<,ug/l,thiacpd,nvt,<,ug/l,1091,summary_equal_count_minmax_unique
rivierenland,true,4526,nvt,<,ug/l,lcyhltn,nvt,<,ug/l,1090,summary_equal_count_minmax_unique
rivierenland,true,4354,nvt,<,ug/l,cyrmzne,nvt,<,ug/l,1089,summary_equal_count_minmax_unique
rivierenland,true,4225,nvt,<,ug/l,245t,nvt,<,ug/l,1085,summary_equal_count_minmax_unique
rivierenland,true,4613,nvt,<,ug/l,pymtzne,nvt,<,ug/l,1084,summary_equal_count_minmax_unique
rivierenland,true,4371,nvt,<,ug/l,dcba,nvt,<,ug/l,1075,summary_equal_count_minmax_unique
rivierenland,true,4457,nvt,<,ug/l,fipnl,nvt,<,ug/l,1073,summary_equal_count_minmax_unique
rivierenland,true,4359,nvt,<,ug/l,demtsc1y,nvt,<,ug/l,1072,summary_equal_count_minmax_unique
rivierenland,true,4587,nvt,<,ug/l,pendmtln,nvt,<,ug/l,1068,summary_equal_count_minmax_unique
rivierenland,true,4714,nvt,<,ug/l,tfmzl,nvt,<,ug/l,1057,summary_equal_count_minmax_unique
rivierenland,true,4254,nvt,<,ug/l,4cpa,nvt,<,ug/l,1050,summary_equal_count_minmax_unique
rivierenland,true,4231,nvt,<,ug/l,24d,nvt,<,ug/l,1044,summary_equal_count_minmax_unique
rivierenland,true,4297,nvt,<,ug/l,broxnl,nvt,<,ug/l,1041,summary_equal_count_minmax_unique
rivierenland,true,4509,nvt,<,ug/l,ioxnl,nvt,<,ug/l,1040,summary_equal_count_minmax_unique
rivierenland,true,4115,nvt,<,ug/l,naf,nvt,<,ug/l,1039,summary_equal_count_minmax_unique
rivierenland,true,4472,nvt,<,ug/l,fluroxpr,nvt,<,ug/l,1039,summary_equal_count_minmax_unique
rivierenland,true,4707,nvt,<,ug/l,tcpr,nvt,<,ug/l,1032,summary_equal_count_minmax_unique
rivierenland,true,4494,nvt,<,ug/l,haloxfp,nvt,<,ug/l,1027,summary_equal_count_minmax_unique
rivierenland,true,4049,nvt,<,ug/l,c1oxfnzde,nvt,<,ug/l,1007,summary_equal_count_minmax_unique
rivierenland,true,4103,nvt,<,ug/l,fen,nvt,<,ug/l,1006,summary_equal_count_minmax_unique
rivierenland,true,4458,nvt,<,ug/l,floncmd,nvt,<,ug/l,1003,summary_equal_count_minmax_unique
rivierenland,true,4236,nvt,<,ug/l,26dclbenad,nvt,<,ug/l,993,summary_equal_count_minmax_unique
rivierenland,true,4102,nvt,<,ug/l,pyr,nvt,<,ug/l,992,summary_equal_count_minmax_unique
rivierenland,true,4460,nvt,<,ug/l,fluazfp,nvt,<,ug/l,984,summary_equal_count_minmax_unique
rivierenland,true,4036,nvt,"",ug/l,carbdzm,nvt,"",ug/l,981,summary_equal_count_minmax_unique
rivierenland,true,4456,nvt,<,ug/l,fenvlrt,nvt,<,ug/l,971,summary_equal_count_minmax_unique
rivierenland,true,4679,nvt,<,ug/l,thiamtxm,nvt,<,ug/l,968,summary_equal_count_minmax_unique
rivierenland,true,4252,nvt,<,ug/l,4clan,nvt,<,ug/l,943,summary_equal_count_minmax_unique
rivierenland,true,4104,nvt,<,ug/l,flu,nvt,<,ug/l,930,summary_equal_count_minmax_unique
rivierenland,true,4534,nvt,<,ug/l,mcpp,nvt,<,ug/l,926,summary_equal_count_minmax_unique
rivierenland,true,4271,nvt,<,ug/l,acpmtn,nvt,<,ug/l,886,summary_equal_count_minmax_unique
rivierenland,true,4100,nvt,<,ug/l,fle,nvt,<,ug/l,885,summary_equal_count_minmax_unique
rivierenland,true,1050,n,<,mg/l,nh3,n,<,mg/l,884,summary_equal_count_minmax_unique
rivierenland,true,1101,nf,"",mg/l,s,nf,"",mg/l,868,summary_equal_count_minmax_unique
rivierenland,true,4141,nvt,<,ug/l,124tclben,nvt,<,ug/l,851,summary_equal_count_minmax_unique
rivierenland,true,4284,nvt,<,ug/l,bentzn,nvt,<,ug/l,846,summary_equal_count_minmax_unique
rivierenland,true,4104,nvt,"",ug/l,flu,nvt,"",ug/l,843,summary_equal_count_minmax_unique
rivierenland,true,4043,nvt,<,ug/l,endn,nvt,<,ug/l,833,summary_equal_count_minmax_unique
rivierenland,true,4536,nvt,<,ug/l,metbtazrn,nvt,<,ug/l,822,summary_equal_count_minmax_unique
rivierenland,true,4665,nvt,<,ug/l,tefbzrn,nvt,<,ug/l,810,summary_equal_count_minmax_unique
rivierenland,true,4331,nvt,<,ug/l,cpyrfnx,nvt,<,ug/l,805,summary_equal_count_minmax_unique
rivierenland,true,4031,nvt,<,ug/l,44ddt,nvt,<,ug/l,802,summary_equal_count_minmax_unique
rivierenland,true,4030,nvt,<,ug/l,44dde,nvt,<,ug/l,784,summary_equal_count_minmax_unique
rivierenland,true,4048,nvt,<,ug/l,idn,nvt,<,ug/l,783,summary_equal_count_minmax_unique
rivierenland,true,4045,nvt,<,ug/l,hpcl,nvt,<,ug/l,776,summary_equal_count_minmax_unique
rivierenland,true,4674,nvt,<,ug/l,t4clvfs,nvt,<,ug/l,774,summary_equal_count_minmax_unique
rivierenland,true,4032,nvt,<,ug/l,aldn,nvt,<,ug/l,771,summary_equal_count_minmax_unique
rivierenland,true,4040,nvt,<,ug/l,dieldn,nvt,<,ug/l,770,summary_equal_count_minmax_unique
rivierenland,true,4241,nvt,<,ug/l,mcpa,nvt,<,ug/l,769,summary_equal_count_minmax_unique
rivierenland,true,4249,nvt,<,ug/l,44ddd,nvt,<,ug/l,769,summary_equal_count_minmax_unique
rivierenland,true,4604,nvt,<,ug/l,propmcb,nvt,<,ug/l,765,summary_equal_count_minmax_unique
rivierenland,true,4029,nvt,<,ug/l,24ddt,nvt,<,ug/l,753,summary_equal_count_minmax_unique
rivierenland,true,4389,nvt,<,ug/l,dfbzrn,nvt,<,ug/l,743,summary_equal_count_minmax_unique
rivierenland,true,4039,nvt,<,ug/l,dhch,nvt,<,ug/l,742,summary_equal_count_minmax_unique
rivierenland,true,4573,nvt,<,ug/l,nicsfrn,nvt,<,ug/l,741,summary_equal_count_minmax_unique
rivierenland,true,4115,nvt,"",ug/l,naf,nvt,"",ug/l,730,summary_equal_count_minmax_unique
rivierenland,true,4586,nvt,<,ug/l,penccrn,nvt,<,ug/l,727,summary_equal_count_minmax_unique
rivierenland,true,4034,nvt,<,ug/l,ahch,nvt,<,ug/l,725,summary_equal_count_minmax_unique
rivierenland,true,4280,nvt,<,ug/l,azacnzl,nvt,<,ug/l,725,summary_equal_count_minmax_unique
rivierenland,true,chlfa,nvt,"",ug/l,schlfa4,nvt,"",ug/l,717,summary_equal_count_minmax_unique
rivierenland,true,4103,nvt,"",ug/l,fen,nvt,"",ug/l,689,summary_equal_count_minmax_unique
rivierenland,true,4287,nvt,<,ug/l,bhch,nvt,<,ug/l,688,summary_equal_count_minmax_unique
rivierenland,true,4052,nvt,<,ug/l,teldn,nvt,<,ug/l,684,summary_equal_count_minmax_unique
rivierenland,true,4027,nvt,<,ug/l,24ddd,nvt,<,ug/l,676,summary_equal_count_minmax_unique
rivierenland,true,4306,nvt,<,ug/l,captn,nvt,<,ug/l,673,summary_equal_count_minmax_unique
rivierenland,true,4028,nvt,<,ug/l,24dde,nvt,<,ug/l,664,summary_equal_count_minmax_unique
rivierenland,true,4100,nvt,"",ug/l,fle,nvt,"",ug/l,660,summary_equal_count_minmax_unique
rivierenland,true,4036,nvt,<,ug/l,carbdzm,nvt,<,ug/l,657,summary_equal_count_minmax_unique
rivierenland,true,4332,nvt,<,ug/l,ct4clvfs,nvt,<,ug/l,647,summary_equal_count_minmax_unique
rivierenland,true,4352,nvt,<,ug/l,cypcnzl,nvt,<,ug/l,642,summary_equal_count_minmax_unique
rivierenland,true,4102,nvt,"",ug/l,pyr,nvt,"",ug/l,641,summary_equal_count_minmax_unique
rivierenland,true,1106,nvt,"",mg/l,br,nvt,"",mg/l,635,summary_equal_count_minmax_unique
rivierenland,true,4038,nvt,<,ug/l,chpclepo,nvt,<,ug/l,631,summary_equal_count_minmax_unique
rivierenland,true,4500,nvt,<,ug/l,hextazx,nvt,<,ug/l,631,summary_equal_count_minmax_unique
rivierenland,true,4658,nvt,<,ug/l,sulcton,nvt,<,ug/l,613,summary_equal_count_minmax_unique
rivierenland,true,4441,nvt,<,ug/l,fenmdfm,nvt,<,ug/l,600,summary_equal_count_minmax_unique
rivierenland,true,4491,nvt,<,ug/l,glufsnt,nvt,<,ug/l,595,summary_equal_count_minmax_unique
rivierenland,true,4440,nvt,<,ug/l,feno2ton,nvt,<,ug/l,593,summary_equal_count_minmax_unique
rivierenland,true,4652,nvt,<,ug/l,svox,nvt,<,ug/l,591,summary_equal_count_minmax_unique
rivierenland,true,4035,nvt,<,ug/l,bedsfn,nvt,<,ug/l,583,summary_equal_count_minmax_unique
rivierenland,true,9115,nvt,<,ug/l,t4hflmde,nvt,<,ug/l,579,summary_equal_count_minmax_unique
rivierenland,true,4050,nvt,<,ug/l,peclben,nvt,<,ug/l,574,summary_equal_count_minmax_unique
rivierenland,true,4350,nvt,<,ug/l,cymoanl,nvt,<,ug/l,574,summary_equal_count_minmax_unique
rivierenland,true,4493,nvt,<,ug/l,glyfst,nvt,<,ug/l,571,summary_equal_count_minmax_unique
rivierenland,true,4390,nvt,<,ug/l,dffncn,nvt,<,ug/l,556,summary_equal_count_minmax_unique
rivierenland,true,4290,nvt,<,ug/l,bfnx,nvt,<,ug/l,539,summary_equal_count_minmax_unique
rivierenland,true,4037,nvt,<,ug/l,ccldn,nvt,<,ug/l,538,summary_equal_count_minmax_unique
rivierenland,true,4274,nvt,<,ug/l,amdsfrn,nvt,<,ug/l,538,summary_equal_count_minmax_unique
rivierenland,true,4348,nvt,<,ug/l,cycxdm,nvt,<,ug/l,537,summary_equal_count_minmax_unique
rivierenland,true,4439,nvt,<,ug/l,fenhxad,nvt,<,ug/l,525,summary_equal_count_minmax_unique
rivierenland,true,4245,nvt,<,ug/l,34dclfol,nvt,<,ug/l,511,summary_equal_count_minmax_unique
rivierenland,true,4224,nvt,<,ug/l,245tclfol,nvt,<,ug/l,510,summary_equal_count_minmax_unique
rivierenland,true,4246,nvt,<,ug/l,35dclfol,nvt,<,ug/l,508,summary_equal_count_minmax_unique
rivierenland,true,4217,nvt,<,ug/l,2345t4clfol,nvt,<,ug/l,507,summary_equal_count_minmax_unique
rivierenland,true,4265,nvt,<,ug/l,acnfn,nvt,<,ug/l,506,summary_equal_count_minmax_unique
rivierenland,true,4553,nvt,<,ug/l,c1ymsfrn,nvt,<,ug/l,505,summary_equal_count_minmax_unique
rivierenland,true,4221,nvt,<,ug/l,235tclfol,nvt,<,ug/l,502,summary_equal_count_minmax_unique
rivierenland,true,4223,nvt,<,ug/l,23dclfol,nvt,<,ug/l,500,summary_equal_count_minmax_unique
rivierenland,true,4220,nvt,<,ug/l,2356t4clfol,nvt,<,ug/l,499,summary_equal_count_minmax_unique
rivierenland,true,4416,nvt,<,ug/l,etofcb,nvt,<,ug/l,499,summary_equal_count_minmax_unique
rivierenland,true,4243,nvt,<,ug/l,345tclfol,nvt,<,ug/l,497,summary_equal_count_minmax_unique
rivierenland,true,4427,nvt,<,ug/l,c2yetourum,nvt,<,ug/l,492,summary_equal_count_minmax_unique
rivierenland,true,4614,nvt,<,ug/l,pyrcsbn,nvt,<,ug/l,489,summary_equal_count_minmax_unique
rivierenland,true,4247,nvt,<,ug/l,3clfol,nvt,<,ug/l,488,summary_equal_count_minmax_unique
rivierenland,true,4253,nvt,<,ug/l,4clfol,nvt,<,ug/l,488,summary_equal_count_minmax_unique
rivierenland,true,4588,nvt,<,ug/l,peclfol,nvt,<,ug/l,487,summary_equal_count_minmax_unique
rivierenland,true,4237,nvt,<,ug/l,26dclfol,nvt,<,ug/l,486,summary_equal_count_minmax_unique
rivierenland,true,4241,nvt,"",ug/l,mcpa,nvt,"",ug/l,483,summary_equal_count_minmax_unique
rivierenland,true,4238,nvt,<,ug/l,2clfol,nvt,<,ug/l,481,summary_equal_count_minmax_unique
rivierenland,true,4219,nvt,<,ug/l,234tclfol,nvt,<,ug/l,475,summary_equal_count_minmax_unique
rivierenland,true,4218,nvt,<,ug/l,2346t4clfol,nvt,<,ug/l,471,summary_equal_count_minmax_unique
rivierenland,true,4251,nvt,<,ug/l,4cl3c1yfol,nvt,<,ug/l,471,summary_equal_count_minmax_unique
rivierenland,true,9101,nvt,<,mmol/l,acdtt,nvt,<,mmol/l,467,summary_equal_count_minmax_unique
rivierenland,true,4355,nvt,<,ug/l,damnzde,nvt,<,ug/l,464,summary_equal_count_minmax_unique
rivierenland,true,4422,nvt,<,ug/l,etpfs,nvt,<,ug/l,464,summary_equal_count_minmax_unique
rivierenland,true,4535,nvt,<,ug/l,meston,nvt,<,ug/l,464,summary_equal_count_minmax_unique
rivierenland,true,4664,nvt,<,ug/l,tebfprd,nvt,<,ug/l,460,summary_equal_count_minmax_unique
rivierenland,true,4695,nvt,<,ug/l,tmevfs,nvt,<,ug/l,458,summary_equal_count_minmax_unique
rivierenland,true,4717,nvt,<,ug/l,tfsfrnc1y,nvt,<,ug/l,444,summary_equal_count_minmax_unique
rivierenland,true,4506,nvt,"",ug/l,imdcpd,nvt,"",ug/l,440,summary_equal_count_minmax_unique
rivierenland,true,4617,nvt,<,ug/l,pyrfnx,nvt,<,ug/l,436,summary_equal_count_minmax_unique
rivierenland,true,chlfa,nvt,<,ug/l,schlfa4,nvt,<,ug/l,433,summary_equal_count_minmax_unique
rivierenland,true,4557,nvt,<,ug/l,metbmrn,nvt,<,ug/l,425,summary_equal_count_minmax_unique
rivierenland,true,4276,nvt,"",ug/l,ampa,nvt,"",ug/l,421,summary_equal_count_minmax_unique
rivierenland,true,4393,nvt,<,ug/l,dmtad,nvt,<,ug/l,419,summary_equal_count_minmax_unique
rivierenland,true,cl,nvt,<,ug/l,propmcbhcl,nvt,<,ug/l,418,summary_equal_count_minmax_unique
rivierenland,true,4629,nvt,<,ug/l,s2425dclfol,nvt,<,ug/l,415,summary_equal_count_minmax_unique
rivierenland,true,4314,nvt,<,ug/l,clbmrn,nvt,<,ug/l,411,summary_equal_count_minmax_unique
rivierenland,true,4230,nvt,<,ug/l,246tc1yfol,nvt,<,ug/l,408,summary_equal_count_minmax_unique
rivierenland,true,4669,nvt,"",ug/l,terc4yazne,nvt,"",ug/l,401,summary_equal_count_minmax_unique
rivierenland,true,1200,nvt,<,mg/l,minrlole,nvt,<,mg/l,393,summary_equal_count_minmax_unique
rivierenland,true,4657,nvt,<,ug/l,spirdcfn,nvt,<,ug/l,393,summary_equal_count_minmax_unique
rivierenland,true,4222,nvt,<,ug/l,236tclfol,nvt,<,ug/l,390,summary_equal_count_minmax_unique
rivierenland,true,4406,nvt,<,ug/l,dtann,nvt,<,ug/l,370,summary_equal_count_minmax_unique
rivierenland,true,4339,nvt,<,ug/l,cloprld,nvt,<,ug/l,369,summary_equal_count_minmax_unique
rivierenland,true,4113,nvt,"",ug/l,chr,nvt,"",ug/l,364,summary_equal_count_minmax_unique
rivierenland,true,4284,nvt,"",ug/l,bentzn,nvt,"",ug/l,362,summary_equal_count_minmax_unique
rivierenland,true,4294,nvt,<,ug/l,boscld,nvt,<,ug/l,362,summary_equal_count_minmax_unique
rivierenland,true,4021,nvt,<,ug/l,pcb138,nvt,<,ug/l,361,summary_equal_count_minmax_unique
rivierenland,true,4434,nvt,<,ug/l,fenamfs,nvt,<,ug/l,358,summary_equal_count_minmax_unique
rivierenland,true,4110,nvt,"",ug/l,bbf,nvt,"",ug/l,357,summary_equal_count_minmax_unique
rivierenland,true,4105,nvt,"",ug/l,acne,nvt,"",ug/l,352,summary_equal_count_minmax_unique
rivierenland,true,4025,nvt,<,ug/l,pcb118,nvt,<,ug/l,350,summary_equal_count_minmax_unique
rivierenland,true,4114,nvt,"",ug/l,inp,nvt,"",ug/l,348,summary_equal_count_minmax_unique
rivierenland,true,4026,nvt,<,ug/l,pcb28,nvt,<,ug/l,346,summary_equal_count_minmax_unique
rivierenland,true,4585,nvt,<,ug/l,pencnzl,nvt,<,ug/l,346,summary_equal_count_minmax_unique
rivierenland,true,4539,nvt,"",ug/l,mzcl,nvt,"",ug/l,341,summary_equal_count_minmax_unique
rivierenland,true,4020,nvt,<,ug/l,pcb180,nvt,<,ug/l,340,summary_equal_count_minmax_unique
rivierenland,true,4358,nvt,<,ug/l,demtns,nvt,<,ug/l,338,summary_equal_count_minmax_unique
rivierenland,true,4023,nvt,<,ug/l,pcb101,nvt,<,ug/l,336,summary_equal_count_minmax_unique
rivierenland,true,4112,nvt,"",ug/l,bkf,nvt,"",ug/l,333,summary_equal_count_minmax_unique
rivierenland,true,4411,nvt,<,ug/l,epxcnzl,nvt,<,ug/l,331,summary_equal_count_minmax_unique
rivierenland,true,4024,nvt,<,ug/l,pcb52,nvt,<,ug/l,327,summary_equal_count_minmax_unique
rivierenland,true,4364,nvt,<,ug/l,desmdfm,nvt,<,ug/l,327,summary_equal_count_minmax_unique
rivierenland,true,4516,nvt,<,ug/l,ioaftl,nvt,<,ug/l,327,summary_equal_count_minmax_unique
rivierenland,true,4111,nvt,"",ug/l,bghipe,nvt,"",ug/l,321,summary_equal_count_minmax_unique
rivierenland,true,4514,nvt,"",ug/l,iptrn,nvt,"",ug/l,321,summary_equal_count_minmax_unique
rivierenland,true,4607,nvt,<,ug/l,propcnzl,nvt,<,ug/l,321,summary_equal_count_minmax_unique
rivierenland,true,4387,nvt,<,ug/l,dfnxrn,nvt,<,ug/l,319,summary_equal_count_minmax_unique
rivierenland,true,4584,nvt,<,ug/l,pacbtzl,nvt,<,ug/l,319,summary_equal_count_minmax_unique
rivierenland,true,4467,nvt,<,ug/l,flumoxzn,nvt,<,ug/l,318,summary_equal_count_minmax_unique
rivierenland,true,4108,nvt,"",ug/l,baa,nvt,"",ug/l,317,summary_equal_count_minmax_unique
rivierenland,true,4527,nvt,<,ug/l,lencl,nvt,<,ug/l,315,summary_equal_count_minmax_unique
rivierenland,true,4117,nvt,<,ug/l,spak16,nvt,<,ug/l,313,summary_equal_count_minmax_unique
rivierenland,true,4309,nvt,<,ug/l,carbtad,nvt,<,ug/l,313,summary_equal_count_minmax_unique
rivierenland,true,4407,nvt,"",ug/l,durn,nvt,"",ug/l,313,summary_equal_count_minmax_unique
rivierenland,true,4047,nvt,<,ug/l,hxclbtden,nvt,<,ug/l,311,summary_equal_count_minmax_unique
rivierenland,true,4666,nvt,<,ug/l,teplxdm,nvt,<,ug/l,310,summary_equal_count_minmax_unique
rivierenland,true,4426,nvt,<,ug/l,eptc,nvt,<,ug/l,307,summary_equal_count_minmax_unique
rivierenland,true,4661,nvt,<,ug/l,sulftp,nvt,<,ug/l,307,summary_equal_count_minmax_unique
rivierenland,true,4312,nvt,<,ug/l,carftznc2y,nvt,<,ug/l,306,summary_equal_count_minmax_unique
rivierenland,true,4319,nvt,<,ug/l,cloxrn,nvt,<,ug/l,303,summary_equal_count_minmax_unique
rivierenland,true,4534,nvt,"",ug/l,mcpp,nvt,"",ug/l,303,summary_equal_count_minmax_unique
rivierenland,true,4022,nvt,<,ug/l,pcb153,nvt,<,ug/l,302,summary_equal_count_minmax_unique
rivierenland,true,4409,nvt,<,ug/l,dodne,nvt,<,ug/l,301,summary_equal_count_minmax_unique
rivierenland,true,4612,nvt,<,ug/l,prosfrn,nvt,<,ug/l,301,summary_equal_count_minmax_unique
rivierenland,true,4433,nvt,<,ug/l,fenmdn,nvt,<,ug/l,298,summary_equal_count_minmax_unique
rivierenland,true,4116,nvt,<,ug/l,spak10,nvt,<,ug/l,297,summary_equal_count_minmax_unique
rivierenland,true,4642,nvt,<,ug/l,scher,nvt,<,ug/l,296,summary_equal_count_minmax_unique
rivierenland,true,4051,nvt,<,ug/l,shpclepo,nvt,<,ug/l,294,summary_equal_count_minmax_unique
rivierenland,true,4109,nvt,"",ug/l,bap,nvt,"",ug/l,293,summary_equal_count_minmax_unique
rivierenland,true,4295,nvt,<,ug/l,bromcl,nvt,<,ug/l,290,summary_equal_count_minmax_unique
rivierenland,true,4335,nvt,<,ug/l,clodnfppgl,nvt,<,ug/l,290,summary_equal_count_minmax_unique
rivierenland,true,4010,nvt,<,ug/l,pbde138,nvt,<,ug/l,289,summary_equal_count_minmax_unique
rivierenland,true,4041,nvt,<,ug/l,endsfn,nvt,<,ug/l,285,summary_equal_count_minmax_unique
rivierenland,true,4598,nvt,<,ug/l,proclaz,nvt,<,ug/l,283,summary_equal_count_minmax_unique
rivierenland,true,4011,nvt,<,ug/l,pbde183,nvt,<,ug/l,279,summary_equal_count_minmax_unique
rivierenland,true,4662,nvt,"",ug/l,tebcnzl,nvt,"",ug/l,277,summary_equal_count_minmax_unique
rivierenland,true,4642,nvt,"",ug/l,scher,nvt,"",ug/l,274,summary_equal_count_minmax_unique
rivierenland,true,4470,nvt,"",mg/l,f,nvt,"",mg/l,272,summary_equal_count_minmax_unique
rivierenland,true,4282,nvt,"",ug/l,azoxsbn,nvt,"",ug/l,270,summary_equal_count_minmax_unique
rivierenland,true,4477,nvt,<,ug/l,fonfs,nvt,<,ug/l,264,summary_equal_count_minmax_unique
rivierenland,true,4362,nvt,<,ug/l,desc2ytc4yaz,nvt,<,ug/l,261,summary_equal_count_minmax_unique
rivierenland,true,4689,nvt,"",ug/l,tolcfsc1y,nvt,"",ug/l,260,summary_equal_count_minmax_unique
rivierenland,true,4740,nvt,<,ug/l,spirmsfn,nvt,<,ug/l,258,summary_equal_count_minmax_unique
rivierenland,true,4054,nvt,<,ug/l,thpclepo,nvt,<,ug/l,256,summary_equal_count_minmax_unique
rivierenland,true,4258,nvt,<,ug/l,hti,nvt,<,ug/l,253,summary_equal_count_minmax_unique
rivierenland,true,4741,nvt,<,ug/l,spirttmt,nvt,<,ug/l,253,summary_equal_count_minmax_unique
rivierenland,true,4595,nvt,"",ug/l,pirmcb,nvt,"",ug/l,249,summary_equal_count_minmax_unique
rivierenland,true,4380,nvt,<,ug/l,dcfl,nvt,<,ug/l,248,summary_equal_count_minmax_unique
rivierenland,true,4458,nvt,"",ug/l,floncmd,nvt,"",ug/l,248,summary_equal_count_minmax_unique
rivierenland,true,4600,nvt,<,ug/l,profm,nvt,<,ug/l,248,summary_equal_count_minmax_unique
rivierenland,true,4447,nvt,<,ug/l,fenpcnl,nvt,<,ug/l,247,summary_equal_count_minmax_unique
rivierenland,true,4569,nvt,<,ug/l,monrn,nvt,<,ug/l,244,summary_equal_count_minmax_unique
rivierenland,true,4680,nvt,<,ug/l,thifsfrnc1y,nvt,<,ug/l,239,summary_equal_count_minmax_unique
rivierenland,true,4106,nvt,"",ug/l,acny,nvt,"",ug/l,235,summary_equal_count_minmax_unique
rivierenland,true,4270,nvt,<,ug/l,aldcso,nvt,<,ug/l,235,summary_equal_count_minmax_unique
rivierenland,true,4558,nvt,"",ug/l,metlcl,nvt,"",ug/l,232,summary_equal_count_minmax_unique
rivierenland,true,4107,nvt,"",ug/l,ant,nvt,"",ug/l,226,summary_equal_count_minmax_unique
rivierenland,true,4396,nvt,"",ug/l,dmtmf,nvt,"",ug/l,222,summary_equal_count_minmax_unique
rivierenland,true,4484,nvt,<,ug/l,fostazt,nvt,<,ug/l,221,summary_equal_count_minmax_unique
rivierenland,true,4330,nvt,<,ug/l,cfosfmdn,nvt,<,ug/l,217,summary_equal_count_minmax_unique
rivierenland,true,4276,nvt,<,ug/l,ampa,nvt,<,ug/l,216,summary_equal_count_minmax_unique
rivierenland,true,4311,nvt,<,ug/l,carboxn,nvt,<,ug/l,215,summary_equal_count_minmax_unique
rivierenland,true,4385,nvt,"",ug/l,deet,nvt,"",ug/l,215,summary_equal_count_minmax_unique
rivierenland,true,4679,nvt,"",ug/l,thiamtxm,nvt,"",ug/l,210,summary_equal_count_minmax_unique
rivierenland,true,4117,nvt,"",ug/l,spak16,nvt,"",ug/l,208,summary_equal_count_minmax_unique
rivierenland,true,4421,nvt,"",ug/l,etfmst,nvt,"",ug/l,208,summary_equal_count_minmax_unique
rivierenland,true,4289,nvt,<,ug/l,bifnzt,nvt,<,ug/l,205,summary_equal_count_minmax_unique
rivierenland,true,4677,nvt,<,ug/l,tabdzl,nvt,<,ug/l,204,summary_equal_count_minmax_unique
rivierenland,true,4602,nvt,<,ug/l,promtne,nvt,<,ug/l,203,summary_equal_count_minmax_unique
rivierenland,true,4283,nvt,<,ug/l,bendocb,nvt,<,ug/l,200,summary_equal_count_minmax_unique
rivierenland,true,4435,nvt,<,ug/l,fenarml,nvt,<,ug/l,200,summary_equal_count_minmax_unique
rivierenland,true,4044,nvt,"",ug/l,chch,nvt,"",ug/l,199,summary_equal_count_minmax_unique
rivierenland,true,4430,nvt,"",ug/l,etdazl,nvt,"",ug/l,198,summary_equal_count_minmax_unique
rivierenland,true,4116,nvt,"",ug/l,spak10,nvt,"",ug/l,195,summary_equal_count_minmax_unique
rivierenland,true,4273,nvt,<,ug/l,amtn,nvt,<,ug/l,195,summary_equal_count_minmax_unique
rivierenland,true,4351,nvt,<,ug/l,cypmtn,nvt,<,ug/l,193,summary_equal_count_minmax_unique
rivierenland,true,4721,nvt,<,ug/l,vamdton,nvt,<,ug/l,193,summary_equal_count_minmax_unique
rivierenland,true,4476,nvt,<,ug/l,folpt,nvt,<,ug/l,187,summary_equal_count_minmax_unique
rivierenland,true,4626,nvt,"",ug/l,simzne,nvt,"",ug/l,187,summary_equal_count_minmax_unique
rivierenland,true,4692,nvt,<,ug/l,topmzn,nvt,<,ug/l,187,summary_equal_count_minmax_unique
rivierenland,true,4226,nvt,<,ug/l,245tp,nvt,<,ug/l,186,summary_equal_count_minmax_unique
rivierenland,true,4250,nvt,<,ug/l,dnoc,nvt,<,ug/l,180,summary_equal_count_minmax_unique
rivierenland,true,4285,nvt,<,ug/l,benzadnne,nvt,<,ug/l,178,summary_equal_count_minmax_unique
rivierenland,true,4471,nvt,<,ug/l,fluoxsbn,nvt,<,ug/l,177,summary_equal_count_minmax_unique
rivierenland,true,4344,nvt,<,ug/l,cumfs,nvt,<,ug/l,176,summary_equal_count_minmax_unique
rivierenland,true,4621,nvt,<,ug/l,quincmn,nvt,<,ug/l,176,summary_equal_count_minmax_unique
rivierenland,true,4236,nvt,"",ug/l,26dclbenad,nvt,"",ug/l,174,summary_equal_count_minmax_unique
rivierenland,true,4053,nvt,<,ug/l,tcldn,nvt,<,ug/l,172,summary_equal_count_minmax_unique
rivierenland,true,4468,nvt,<,ug/l,fluopclde,nvt,<,ug/l,171,summary_equal_count_minmax_unique
rivierenland,true,4049,nvt,"",ug/l,c1oxfnzde,nvt,"",ug/l,170,summary_equal_count_minmax_unique
rivierenland,true,4462,nvt,<,ug/l,fluazfpp,nvt,<,ug/l,170,summary_equal_count_minmax_unique
rivierenland,true,4594,nvt,<,ug/l,piprnbo,nvt,<,ug/l,168,summary_equal_count_minmax_unique
rivierenland,true,4530,nvt,"",ug/l,linrn,nvt,"",ug/l,167,summary_equal_count_minmax_unique
rivierenland,true,9115,nvt,"",ug/l,t4hflmde,nvt,"",ug/l,163,summary_equal_count_minmax_unique
rivierenland,true,4101,nvt,"",ug/l,dbahant,nvt,"",ug/l,162,summary_equal_count_minmax_unique
rivierenland,true,4302,nvt,<,ug/l,butcboxmsfn,nvt,<,ug/l,159,summary_equal_count_minmax_unique
rivierenland,true,4537,nvt,"",ug/l,mlxl,nvt,"",ug/l,158,summary_equal_count_minmax_unique
rivierenland,true,4548,nvt,<,ug/l,mhpc,nvt,<,ug/l,157,summary_equal_count_minmax_unique
rivierenland,true,4262,nvt,<,ug/l,acft,nvt,<,ug/l,155,summary_equal_count_minmax_unique
rivierenland,true,4279,nvt,"",ug/l,atzne,nvt,"",ug/l,151,summary_equal_count_minmax_unique
rivierenland,true,4324,nvt,<,ug/l,cltdc1y,nvt,<,ug/l,147,summary_equal_count_minmax_unique
rivierenland,true,4543,nvt,"",ug/l,metocb,nvt,"",ug/l,146,summary_equal_count_minmax_unique
rivierenland,true,4301,nvt,<,ug/l,butcboxm,nvt,<,ug/l,144,summary_equal_count_minmax_unique
rivierenland,true,4353,nvt,"",ug/l,cypdnl,nvt,"",ug/l,142,summary_equal_count_minmax_unique
rivierenland,true,4747,nvt,<,ug/l,mepnprm,nvt,<,ug/l,140,summary_equal_count_minmax_unique
rivierenland,true,4321,nvt,"",ug/l,clpfm,nvt,"",ug/l,139,summary_equal_count_minmax_unique
rivierenland,true,4316,nvt,<,ug/l,cldn,nvt,<,ug/l,137,summary_equal_count_minmax_unique
rivierenland,true,4618,nvt,"",ug/l,pyrmtnl,nvt,"",ug/l,135,summary_equal_count_minmax_unique
rivierenland,true,4310,nvt,"",ug/l,carbfrn,nvt,"",ug/l,134,summary_equal_count_minmax_unique
rivierenland,true,2318,l470nm,<,ug/l,chlfa,l470nm,<,ug/l,133,summary_equal_count_minmax_unique
rivierenland,true,4611,nvt,"",ug/l,prosfcb,nvt,"",ug/l,133,summary_equal_count_minmax_unique
rivierenland,true,4620,nvt,<,ug/l,quinmrc,nvt,<,ug/l,132,summary_equal_count_minmax_unique
rivierenland,true,4235,nvt,<,ug/l,26dcl4no2an,nvt,<,ug/l,131,summary_equal_count_minmax_unique
rivierenland,true,4488,nvt,<,ug/l,furtocb,nvt,<,ug/l,130,summary_equal_count_minmax_unique
rivierenland,true,4153,nvt,<,ug/l,12dclc2a,nvt,<,ug/l,126,summary_equal_count_minmax_unique
rivierenland,true,4222,nvt,"",ug/l,236tclfol,nvt,"",ug/l,126,summary_equal_count_minmax_unique
rivierenland,true,4755,nvt,<,ug/l,cyazfad,nvt,<,ug/l,126,summary_equal_count_minmax_unique
rivierenland,true,4705,nvt,<,ug/l,tclben,nvt,<,ug/l,125,summary_equal_count_minmax_unique
rivierenland,true,4754,nvt,<,ug/l,chloratnlpl,nvt,<,ug/l,125,summary_equal_count_minmax_unique
rivierenland,true,4156,nvt,<,ug/l,dclc1a,nvt,<,ug/l,123,summary_equal_count_minmax_unique
rivierenland,true,4513,nvt,<,ug/l,ic3yantnlad,nvt,<,ug/l,122,summary_equal_count_minmax_unique
rivierenland,true,4367,nvt,"",ug/l,daznn,nvt,"",ug/l,116,summary_equal_count_minmax_unique
rivierenland,true,4393,nvt,"",ug/l,dmtad,nvt,"",ug/l,114,summary_equal_count_minmax_unique
rivierenland,true,4266,nvt,<,ug/l,acdne,nvt,<,ug/l,112,summary_equal_count_minmax_unique
rivierenland,true,4465,nvt,<,ug/l,flufnct,nvt,<,ug/l,112,summary_equal_count_minmax_unique
rivierenland,true,4322,nvt,<,ug/l,clsfrn,nvt,<,ug/l,110,summary_equal_count_minmax_unique
rivierenland,true,4581,nvt,<,ug/l,oasfrn,nvt,<,ug/l,110,summary_equal_count_minmax_unique
rivierenland,true,4493,nvt,"",ug/l,glyfst,nvt,"",ug/l,107,summary_equal_count_minmax_unique
rivierenland,true,4134,nvt,<,ug/l,ben,nvt,<,ug/l,104,summary_equal_count_minmax_unique
rivierenland,true,4161,nvt,<,ug/l,tclc1a,nvt,<,ug/l,103,summary_equal_count_minmax_unique
rivierenland,true,4307,nvt,"",ug/l,carbmzpne,nvt,"",ug/l,102,summary_equal_count_minmax_unique
rivierenland,true,4590,nvt,<,ug/l,permtn,nvt,<,ug/l,102,summary_equal_count_minmax_unique
rivierenland,true,4758,nvt,<,ug/l,fluoprm,nvt,<,ug/l,101,summary_equal_count_minmax_unique
rivierenland,true,4676,nvt,<,ug/l,t4mtn,nvt,<,ug/l,95,summary_equal_count_minmax_unique
rivierenland,true,4552,nvt,<,ug/l,c1yitocn,nvt,<,ug/l,94,summary_equal_count_minmax_unique
rivierenland,true,4135,nvt,<,ug/l,c2yben,nvt,<,ug/l,92,summary_equal_count_minmax_unique
rivierenland,true,4146,nvt,<,ug/l,clben,nvt,<,ug/l,90,summary_equal_count_minmax_unique
rivierenland,true,4152,nvt,<,ug/l,11dclc2a,nvt,<,ug/l,90,summary_equal_count_minmax_unique
rivierenland,true,4298,nvt,<,ug/l,brpplt,nvt,<,ug/l,90,summary_equal_count_minmax_unique
rivierenland,true,4307,nvt,<,ug/l,carbmzpne,nvt,<,ug/l,90,summary_equal_count_minmax_unique
rivierenland,true,4438,nvt,<,ug/l,fenclfs,nvt,<,ug/l,90,summary_equal_count_minmax_unique
rivierenland,true,4732,nf,"",ng/l,tc4ysn,nf,"",ng/l,90,summary_equal_count_minmax_unique
rivierenland,true,1025,cnf,<,mg/l,corg,cnf,<,mg/l,89,summary_equal_count_minmax_unique
rivierenland,true,1031,nvt,<,mmol/l,hco3,nvt,<,mmol/l,89,summary_equal_count_minmax_unique
rivierenland,true,4140,nvt,<,ug/l,123tclben,nvt,<,ug/l,89,summary_equal_count_minmax_unique
rivierenland,true,4142,nvt,<,ug/l,12dclben,nvt,<,ug/l,89,summary_equal_count_minmax_unique
rivierenland,true,4143,nvt,<,ug/l,135tclben,nvt,<,ug/l,89,summary_equal_count_minmax_unique
rivierenland,true,4510,nvt,"",ug/l,ipdon,nvt,"",ug/l,89,summary_equal_count_minmax_unique
rivierenland,true,4613,nvt,"",ug/l,pymtzne,nvt,"",ug/l,89,summary_equal_count_minmax_unique
rivierenland,true,4287,nvt,"",ug/l,bhch,nvt,"",ug/l,88,summary_equal_count_minmax_unique
rivierenland,true,4157,nvt,<,ug/l,t4clc2e,nvt,<,ug/l,87,summary_equal_count_minmax_unique
rivierenland,true,4678,nvt,"",ug/l,thiacpd,nvt,"",ug/l,86,summary_equal_count_minmax_unique
rivierenland,true,4230,nvt,"",ug/l,246tc1yfol,nvt,"",ug/l,85,summary_equal_count_minmax_unique
rivierenland,true,2507,nf,"",ug/l,ba,nf,"",ug/l,83,summary_equal_count_minmax_unique
rivierenland,true,4531,nvt,<,ug/l,lufnrn,nvt,<,ug/l,83,summary_equal_count_minmax_unique
rivierenland,true,4710,nvt,<,ug/l,tdmf,nvt,<,ug/l,82,summary_equal_count_minmax_unique
rivierenland,true,4684,nvt,<,ug/l,tofnx,nvt,<,ug/l,81,summary_equal_count_minmax_unique
rivierenland,true,4718,nvt,<,ug/l,tfrne,nvt,<,ug/l,81,summary_equal_count_minmax_unique
rivierenland,true,4698,nvt,<,ug/l,tadmfn,nvt,<,ug/l,80,summary_equal_count_minmax_unique
rivierenland,true,4398,nvt,<,ug/l,dmtdzl,nvt,<,ug/l,74,summary_equal_count_minmax_unique
rivierenland,true,4573,nvt,"",ug/l,nicsfrn,nvt,"",ug/l,72,summary_equal_count_minmax_unique
rivierenland,true,2545,nf,<,ug/l,se,nf,<,ug/l,71,summary_equal_count_minmax_unique
rivierenland,true,4593,nvt,<,ug/l,pipprn,nvt,<,ug/l,71,summary_equal_count_minmax_unique
rivierenland,true,4719,nvt,<,ug/l,tmtpm,nvt,<,ug/l,70,summary_equal_count_minmax_unique
rivierenland,true,4293,nvt,"",ug/l,bittnl,nvt,"",ug/l,69,summary_equal_count_minmax_unique
rivierenland,true,o2,o2,>,mg/l,bzv5,o2,>,mg/l,67,summary_equal_count_minmax_unique
rivierenland,true,4231,nvt,"",ug/l,24d,nvt,"",ug/l,66,summary_equal_count_minmax_unique
rivierenland,true,4436,nvt,<,ug/l,fenzn,nvt,<,ug/l,66,summary_equal_count_minmax_unique
rivierenland,true,4654,nvt,<,ug/l,sotll,nvt,<,ug/l,66,summary_equal_count_minmax_unique
rivierenland,true,4638,nvt,<,ug/l,shch4,nvt,<,ug/l,65,summary_equal_count_minmax_unique
rivierenland,true,4639,nvt,<,ug/l,sdrin4,nvt,<,ug/l,65,summary_equal_count_minmax_unique
rivierenland,true,1200,nvt,"",mg/l,minrlole,nvt,"",mg/l,64,summary_equal_count_minmax_unique
rivierenland,true,4022,nvt,"",ug/l,pcb153,nvt,"",ug/l,63,summary_equal_count_minmax_unique
rivierenland,true,4240,nvt,<,ug/l,2fyfol,nvt,<,ug/l,63,summary_equal_count_minmax_unique
rivierenland,true,4625,nvt,<,ug/l,sc2oxdm,nvt,<,ug/l,63,summary_equal_count_minmax_unique
rivierenland,true,4632,nvt,<,ug/l,sddt,nvt,<,ug/l,63,summary_equal_count_minmax_unique
rivierenland,true,4341,nvt,<,ug/l,clotandne,nvt,<,ug/l,62,summary_equal_count_minmax_unique
rivierenland,true,4528,nvt,<,ug/l,lidcine,nvt,<,ug/l,62,summary_equal_count_minmax_unique
rivierenland,true,4489,nvt,"",ug/l,gabptne,nvt,"",ug/l,61,summary_equal_count_minmax_unique
rivierenland,true,2500,nvt,"",ug/l,al,nvt,"",ug/l,60,summary_equal_count_minmax_unique
rivierenland,true,2506,nvt,"",ug/l,ba,nvt,"",ug/l,60,summary_equal_count_minmax_unique
rivierenland,true,4034,nvt,"",ug/l,ahch,nvt,"",ug/l,60,summary_equal_count_minmax_unique
rivierenland,true,4275,nvt,<,ug/l,amdtzinzr,nvt,<,ug/l,60,summary_equal_count_minmax_unique
rivierenland,true,4323,nvt,<,ug/l,cltl,nvt,<,ug/l,60,summary_equal_count_minmax_unique
rivierenland,true,4327,nvt,"",ug/l,clidzn,nvt,"",ug/l,59,summary_equal_count_minmax_unique
rivierenland,true,4517,nvt,<,ug/l,isfrnc1y,nvt,<,ug/l,58,summary_equal_count_minmax_unique
rivierenland,true,9102,nvt,<,mmol/l,alkltt,nvt,<,mmol/l,58,summary_equal_count_minmax_unique
rivierenland,true,4278,nvt,<,ug/l,aslm,nvt,<,ug/l,56,summary_equal_count_minmax_unique
rivierenland,true,4457,nvt,"",ug/l,fipnl,nvt,"",ug/l,56,summary_equal_count_minmax_unique
rivierenland,true,4653,nvt,<,ug/l,sxyln,nvt,<,ug/l,55,summary_equal_count_minmax_unique
rivierenland,true,4475,nvt,"",ug/l,flutlnl,nvt,"",ug/l,54,summary_equal_count_minmax_unique
rivierenland,true,4328,nvt,<,ug/l,cipfxcne,nvt,<,ug/l,52,summary_equal_count_minmax_unique
rivierenland,true,4428,nvt,"",ug/l,c2yprton,nvt,"",ug/l,52,summary_equal_count_minmax_unique
rivierenland,true,4497,nvt,<,ug/l,hxclc2a,nvt,<,ug/l,52,summary_equal_count_minmax_unique
rivierenland,true,4521,nvt,<,ug/l,jopmdl,nvt,<,ug/l,52,summary_equal_count_minmax_unique
rivierenland,true,4472,nvt,"",ug/l,fluroxpr,nvt,"",ug/l,51,summary_equal_count_minmax_unique
rivierenland,true,4607,nvt,"",ug/l,propcnzl,nvt,"",ug/l,51,summary_equal_count_minmax_unique
rivierenland,true,4372,nvt,"",ug/l,dcbnl,nvt,"",ug/l,50,summary_equal_count_minmax_unique
rivierenland,true,4501,nvt,<,ug/l,hcltazde,nvt,<,ug/l,50,summary_equal_count_minmax_unique
rivierenland,true,4559,nvt,"",ug/l,metpll,nvt,"",ug/l,50,summary_equal_count_minmax_unique
rivierenland,true,4660,nvt,<,ug/l,sulfmtoazl,nvt,<,ug/l,50,summary_equal_count_minmax_unique
rivierenland,true,1023,cnf,"",mg/l,canorg,cnf,"",mg/l,49,summary_equal_count_minmax_unique
rivierenland,true,1251,nvt,"",mv,redpttal,nvt,"",mv,49,summary_equal_count_minmax_unique
rivierenland,true,4366,nvt,<,ug/l,c1yzzdc28den,nvt,<,ug/l,49,summary_equal_count_minmax_unique
rivierenland,true,4378,nvt,<,ug/l,dclofnc,nvt,<,ug/l,49,summary_equal_count_minmax_unique
rivierenland,true,4320,nvt,<,ug/l,cloxnl,nvt,<,ug/l,48,summary_equal_count_minmax_unique
rivierenland,true,4425,nvt,"",ug/l,c2yclprfs,nvt,"",ug/l,48,summary_equal_count_minmax_unique
rivierenland,true,4377,nvt,"",ug/l,dclvs,nvt,"",ug/l,47,summary_equal_count_minmax_unique
rivierenland,true,4582,nvt,<,ug/l,oxzpm,nvt,<,ug/l,47,summary_equal_count_minmax_unique
rivierenland,true,2520,nvt,<,ug/l,fe,nvt,<,ug/l,46,summary_equal_count_minmax_unique
rivierenland,true,4218,nvt,"",ug/l,2346t4clfol,nvt,"",ug/l,45,summary_equal_count_minmax_unique
rivierenland,true,4729,eeq,"",ng/l,sestgnsfn,eeq,"",ng/l,45,summary_equal_count_minmax_unique
rivierenland,true,4730,dexmtsn,<,ng/l,sglucctcidsf,dexmtsn,<,ng/l,45,summary_equal_count_minmax_unique
rivierenland,true,4588,nvt,"",ug/l,peclfol,nvt,"",ug/l,44,summary_equal_count_minmax_unique
rivierenland,true,4720,nvt,<,ug/l,valstan,nvt,<,ug/l,44,summary_equal_count_minmax_unique
rivierenland,true,4731,rosgtzn,<,ng/l,speroxsplfrt,rosgtzn,<,ng/l,44,summary_equal_count_minmax_unique
rivierenland,true,4291,nvt,<,ug/l,biftn,nvt,<,ug/l,43,summary_equal_count_minmax_unique
rivierenland,true,4219,nvt,"",ug/l,234tclfol,nvt,"",ug/l,41,summary_equal_count_minmax_unique
rivierenland,true,4512,nvt,"",ug/l,irbstan,nvt,"",ug/l,41,summary_equal_count_minmax_unique
rivierenland,true,4540,nvt,<,ug/l,metfmne,nvt,<,ug/l,41,summary_equal_count_minmax_unique
rivierenland,true,4395,nvt,"",ug/l,dmtat,nvt,"",ug/l,40,summary_equal_count_minmax_unique
rivierenland,true,4024,nvt,"",ug/l,pcb52,nvt,"",ug/l,38,summary_equal_count_minmax_unique
rivierenland,true,4294,nvt,"",ug/l,boscld,nvt,"",ug/l,38,summary_equal_count_minmax_unique
rivierenland,true,4540,nvt,"",ug/l,metfmne,nvt,"",ug/l,38,summary_equal_count_minmax_unique
rivierenland,true,4562,nvt,"",ug/l,metbzn,nvt,"",ug/l,37,summary_equal_count_minmax_unique
rivierenland,true,4203,nvt,<,ug/l,11dclc2e,nvt,<,ug/l,36,summary_equal_count_minmax_unique
rivierenland,true,4214,nvt,<,ug/l,1c3yben,nvt,<,ug/l,36,summary_equal_count_minmax_unique
rivierenland,true,1102,nvt,"",mg/l,stot,nvt,"",mg/l,35,summary_equal_count_minmax_unique
rivierenland,true,4546,nvt,"",ug/l,metml,nvt,"",ug/l,35,summary_equal_count_minmax_unique
rivierenland,true,2545,nf,"",ug/l,se,nf,"",ug/l,34,summary_equal_count_minmax_unique
rivierenland,true,4326,nvt,"",ug/l,cltlrn,nvt,"",ug/l,34,summary_equal_count_minmax_unique
rivierenland,true,4512,nvt,<,ug/l,irbstan,nvt,<,ug/l,34,summary_equal_count_minmax_unique
rivierenland,true,4608,nvt,"",ug/l,propxr,nvt,"",ug/l,34,summary_equal_count_minmax_unique
rivierenland,true,4728,flutmde,"",ng/l,santadgnsfn,flutmde,"",ng/l,34,summary_equal_count_minmax_unique
rivierenland,true,4739,nvt,<,ug/l,quinoxfn,nvt,<,ug/l,34,summary_equal_count_minmax_unique
rivierenland,true,4599,nvt,"",ug/l,procmdn,nvt,"",ug/l,33,summary_equal_count_minmax_unique
rivierenland,true,2526,nf,"",ug/l,co,nf,"",ug/l,32,summary_equal_count_minmax_unique
rivierenland,true,4315,nvt,<,ug/l,clbfm,nvt,<,ug/l,32,summary_equal_count_minmax_unique
rivierenland,true,4429,nvt,<,ug/l,c2yprmfs,nvt,<,ug/l,32,summary_equal_count_minmax_unique
rivierenland,true,4610,nvt,"",ug/l,propad,nvt,"",ug/l,32,summary_equal_count_minmax_unique
rivierenland,true,4050,nvt,"",ug/l,peclben,nvt,"",ug/l,31,summary_equal_count_minmax_unique
rivierenland,true,4256,nvt,"",ug/l,dmst,nvt,"",ug/l,31,summary_equal_count_minmax_unique
rivierenland,true,4641,nvt,"",ug/l,sclfol,nvt,"",ug/l,31,summary_equal_count_minmax_unique
rivierenland,true,4720,nvt,"",ug/l,valstan,nvt,"",ug/l,31,summary_equal_count_minmax_unique
rivierenland,true,4732,nf,<,ng/l,tc4ysn,nf,<,ng/l,31,summary_equal_count_minmax_unique
rivierenland,true,4735,nvt,"",ug/l,dmtnmdp,nvt,"",ug/l,31,summary_equal_count_minmax_unique
rivierenland,true,4559,nvt,<,ug/l,metpll,nvt,<,ug/l,30,summary_equal_count_minmax_unique
rivierenland,true,4592,nvt,<,ug/l,picxsbn,nvt,<,ug/l,30,summary_equal_count_minmax_unique
rivierenland,true,4604,nvt,"",ug/l,propmcb,nvt,"",ug/l,30,summary_equal_count_minmax_unique
rivierenland,true,4724,nvt,<,ug/l,zoaad,nvt,<,ug/l,30,summary_equal_count_minmax_unique
rivierenland,true,4765,nvt,<,ng/l,2pfc6yc2a1sf,nvt,<,ng/l,30,summary_equal_count_minmax_unique
rivierenland,true,4268,nvt,"",ug/l,aldcb,nvt,"",ug/l,29,summary_equal_count_minmax_unique
rivierenland,true,4412,nvt,<,ug/l,ehch,nvt,<,ug/l,29,summary_equal_count_minmax_unique
rivierenland,true,4777,nvt,<,ng/l,pfuda,nvt,<,ng/l,29,summary_equal_count_minmax_unique
rivierenland,true,4026,nvt,"",ug/l,pcb28,nvt,"",ug/l,28,summary_equal_count_minmax_unique
rivierenland,true,4414,nvt,"",ug/l,esfvlrt,nvt,"",ug/l,28,summary_equal_count_minmax_unique
rivierenland,true,4545,nvt,"",ug/l,metocbso,nvt,"",ug/l,28,summary_equal_count_minmax_unique
rivierenland,true,4582,nvt,"",ug/l,oxzpm,nvt,"",ug/l,28,summary_equal_count_minmax_unique
rivierenland,true,4587,nvt,"",ug/l,pendmtln,nvt,"",ug/l,28,summary_equal_count_minmax_unique
rivierenland,true,4651,nvt,"",ug/l,stclfol,nvt,"",ug/l,28,summary_equal_count_minmax_unique
rivierenland,true,4378,nvt,"",ug/l,dclofnc,nvt,"",ug/l,27,summary_equal_count_minmax_unique
rivierenland,true,4536,nvt,"",ug/l,metbtazrn,nvt,"",ug/l,27,summary_equal_count_minmax_unique
rivierenland,true,4586,nvt,"",ug/l,penccrn,nvt,"",ug/l,27,summary_equal_count_minmax_unique
rivierenland,true,4758,nvt,"",ug/l,fluoprm,nvt,"",ug/l,27,summary_equal_count_minmax_unique
rivierenland,true,4774,nvt,"",ng/l,pfoa,nvt,"",ng/l,27,summary_equal_count_minmax_unique
rivierenland,true,4023,nvt,"",ug/l,pcb101,nvt,"",ug/l,26,summary_equal_count_minmax_unique
rivierenland,true,4258,nvt,"",ug/l,hti,nvt,"",ug/l,26,summary_equal_count_minmax_unique
rivierenland,true,4361,nvt,"",ug/l,desc2yatzne,nvt,"",ug/l,26,summary_equal_count_minmax_unique
rivierenland,true,4386,nvt,"",ug/l,dfncnzl,nvt,"",ug/l,26,summary_equal_count_minmax_unique
rivierenland,true,4660,nvt,"",ug/l,sulfmtoazl,nvt,"",ug/l,26,summary_equal_count_minmax_unique
rivierenland,true,4030,nvt,"",ug/l,44dde,nvt,"",ug/l,25,summary_equal_count_minmax_unique
rivierenland,true,4277,nvt,<,ug/l,amtl,nvt,<,ug/l,25,summary_equal_count_minmax_unique
rivierenland,true,4501,nvt,"",ug/l,hcltazde,nvt,"",ug/l,25,summary_equal_count_minmax_unique
rivierenland,true,4584,nvt,"",ug/l,pacbtzl,nvt,"",ug/l,25,summary_equal_count_minmax_unique
